1 0 0.00633465974
0.998027 0.0627905 0.006338837557
0.992115 0.125333 0.006337615365
0.982287 0.187381 0.006342254826
0.968583 0.24869 0.006361070327
0.951057 0.309017 0.006353229827
0.929776 0.368125 0.006345750196
0.904827 0.425779 0.00634738923
0.876307 0.481754 0.006351127589
0.844328 0.535827 0.006361166191
0.809017 0.587785 0.006333533197
0.770513 0.637424 0.006351895435
0.728969 0.684547 0.00634602948
0.684547 0.728969 0.006337596212
0.637424 0.770513 0.0063544348
0.587785 0.809017 0.006310568426
0.535827 0.844328 0.006352674023
0.481753 0.876307 0.006344065078
0.425779 0.904827 0.006351101508
0.368124 0.929777 0.006340890471
0.309017 0.951057 0.006331936272
0.24869 0.968583 0.006356049893
0.187381 0.982287 0.006325726061
0.125333 0.992115 0.00635961755
0.0627901 0.998027 0.006345207201
-4.01339e-07 1 0.00634490624
-0.0627909 0.998027 0.006365432967
-0.125334 0.992115 0.006330747667
-0.187382 0.982287 0.00635948887
-0.24869 0.968583 0.006343934075
-0.309018 0.951056 0.006330723412
-0.368125 0.929776 0.006359410344
-0.42578 0.904827 0.006367390252
-0.481754 0.876306 0.006342150956
-0.535827 0.844328 0.006364988365
-0.587786 0.809017 0.006341843868
-0.637425 0.770513 0.006344104154
-0.684548 0.728968 0.00634679677
-0.728969 0.684547 0.006357888597
-0.770514 0.637423 0.006358258925
-0.809017 0.587785 0.006354280918
-0.844328 0.535826 0.00634845221
-0.876307 0.481753 0.006352345875
-0.904827 0.425779 0.00633747195
-0.929777 0.368124 0.006347929478
-0.951057 0.309016 0.006355633735
-0.968583 0.248689 0.006337139915
-0.982287 0.18738 0.006347753145
-0.992115 0.125332 0.006338532734
-0.998027 0.0627895 0.006354544388
-1 -1.0411e-06 0.006363184175
-0.998027 -0.0627916 0.006351142739
-0.992115 -0.125334 0.006334153048
-0.982287 -0.187382 0.006362086521
-0.968583 -0.248691 0.00634721503
-0.951056 -0.309018 0.006350178846
-0.929776 -0.368126 0.006341536965
-0.904827 -0.42578 0.006340661193
-0.876306 -0.481755 0.006356382337
-0.844327 -0.535828 0.006354073442
-0.809016 -0.587786 0.006340203697
-0.770512 -0.637425 0.006347549629
-0.728968 -0.684548 0.006355963903
-0.684546 -0.72897 0.006331871035
-0.637423 -0.770514 0.00631107704
-0.587784 -0.809018 0.006357042461
-0.535826 -0.844329 0.006363014518
-0.481753 -0.876307 0.006336623617
-0.425778 -0.904828 0.006356257926
-0.368123 -0.929777 0.006355408266
-0.309016 -0.951057 0.006337313347
-0.248689 -0.968583 0.006336462434
-0.18738 -0.982288 0.00634810242
-0.125332 -0.992115 0.006366898414
-0.0627891 -0.998027 0.006337455046
1.44244e-06 -1 0.006356200863
0.062792 -0.998027 0.006365972124
0.125335 -0.992115 0.006340715205
0.187383 -0.982287 0.006365437973
0.248691 -0.968583 0.006333142943
0.309018 -0.951056 0.006365515337
0.368126 -0.929776 0.006354828415
0.425781 -0.904826 0.006340942293
0.481755 -0.876306 0.006348558595
0.535828 -0.844327 0.006336391688
0.587787 -0.809016 0.006342334977
0.637425 -0.770512 0.006359236757
0.684548 -0.728967 0.006357765313
0.72897 -0.684546 0.006352292785
0.770514 -0.637423 0.00635914403
0.809018 -0.587784 0.006351937126
0.844329 -0.535825 0.006343926041
0.876308 -0.481752 0.006339020805
0.904828 -0.425778 0.006349808006
0.929777 -0.368123 0.006347145937
0.951057 -0.309015 0.006343749988
0.968584 -0.248688 0.006365238191
0.982288 -0.187379 0.00634264474
0.992115 -0.125331 0.006333090191
0.998027 -0.0627885 0.006359317158
-0.975605 0.00596181 0.00637938412
-0.90964 -0.258093 0.00646176845
-0.622568 -0.671586 0.006581951794
-0.916487 0.275444 0.006425247123
-0.721164 -0.638273 0.006404609745
-0.687519 -0.668271 0.006413977438
-0.428725 -0.854765 0.006427566692
-0.621299 0.164438 0.01242243855
-0.566806 -0.775965 0.006416592338
-0.725765 0.464905 0.007073630643
-0.746086 0.584771 0.006451218142
-0.804659 0.479377 0.006483464829
-0.12139 -0.952697 0.006414808171
-0.679309 0.665772 0.006437356224
-0.450094 -0.484709 0.01160692373
-0.519697 0.824742 0.006383961919
-0.576589 0.746115 0.006469707537
0.324251 0.468585 0.01601762343
0.00113445 -0.818633 0.007665526004
-0.168923 0.754415 0.00848586493
-0.246932 0.901445 0.006502018815
0.2249 -0.892002 0.006577776776
-0.11855 0.912598 0.006576676945
0.354989 -0.879267 0.006450346188
0.299167 -0.913259 0.006411329339
-0.184712 0.93524 0.00642617039
-0.057863 0.898547 0.00672940477
0.34395 -0.821745 0.006806521409
0.290096 -0.855069 0.006708403102
-0.735831 -0.386209 0.00747892176
-0.406122 0.797053 0.006771644686
0.591909 -0.742507 0.006446408091
-0.408363 0.864051 0.006423666139
0.035559 0.935309 0.00650132577
0.771777 -0.0150314 0.008502793486
-0.25192 0.0476713 0.06122839494
0.604173 0.581104 0.007357626399
0.797233 -0.384844 0.006836247771
0.853351 -0.423472 0.006430665082
0.284257 0.809572 0.007101698765
-0.58963 0.47339 0.00885879828
-0.0396534 0.972995 0.006391213684
0.565374 -0.643838 0.007147593959
-0.0581865 -0.923885 0.006548845075
0.0914579 -0.451083 0.02464452207
-0.53721 -0.666535 0.007135768962
0.714423 -0.628136 0.006441785986
-0.362798 0.682113 0.008491428952
0.380936 0.877296 0.00642102783
0.00896578 -0.912425 0.006640391794
0.168495 0.907251 0.00656630901
-0.18035 -0.914856 0.006503139742
0.426766 0.846738 0.006448255726
0.317287 0.877603 0.006498463604
0.519846 0.740826 0.006668670731
-0.681036 0.515588 0.007180005461
0.88944 -0.31695 0.006466184113
-0.790096 0.542874 0.006419317
0.488996 0.808836 0.006455557412
-0.524471 -0.812889 0.006394642645
0.749318 0.588077 0.006436831114
-0.349706 0.89027 0.006434612315
0.923571 -0.107852 0.006530124488
-0.337532 -0.894924 0.00642416585
-0.471696 -0.674947 0.007591865973
0.953545 -0.0613867 0.006420482581
0.884241 -0.0608483 0.006831482689
0.948712 0.0370283 0.006452295071
0.753463 0.337395 0.007548328335
0.867295 0.00335078 0.00702452403
-0.777722 0.314213 0.007372629314
0.87281 0.172036 0.00680272733
-0.828075 -0.490301 0.00640939668
0.932212 0.251291 0.006395697478
0.86549 0.371762 0.006469075261
-0.859513 -0.0777547 0.007063236853
0.305838 -0.649633 0.009811888992
0.870674 0.250635 0.006676325097
-0.801916 0.192771 0.007565509181
-0.953475 -0.0786822 0.0064280634
-0.0122743 -0.958218 0.006422714986
-0.0263523 -0.868275 0.007009149062
0.364 0.81973 0.00674351795
-0.4649 0.74687 0.006889136686
-0.929987 -0.184597 0.006444170722
-0.335933 0.732131 0.007880384402
0.664779 -0.671977 0.006460793738
-0.943842 -0.0255194 0.006469435207
0.764854 -0.532681 0.00651176244
-0.884312 0.101463 0.006810937598
-0.514996 -0.759725 0.006607177104
-0.56457 -0.726933 0.006580134211
-0.853926 -0.372522 0.006505279829
0.428643 -0.50067 0.01176076486
0.18434 -0.787108 0.007819179092
-0.675153 -0.552332 0.006975161244
-0.78912 -0.526896 0.006442430387
0.4932 -0.684081 0.00729496378
0.437682 -0.346951 0.01671028563
-0.0226588 0.940992 0.006485392519
-0.678223 -0.616667 0.006615886531
-0.624111 -0.588206 0.007133936935
-0.504168 0.641027 0.007706418813
-0.493697 0.234864 0.01751591985
-0.864064 0.36942 0.006479772653
-0.833016 0.316273 0.006799260066
0.241332 0.904509 0.006486948192
-0.855019 0.451364 0.006403408859
0.819725 -0.446572 0.006509619361
0.146208 0.0540957 0.09992741943
0.664389 0.664939 0.00648172038
0.710927 0.622697 0.006459005546
-0.586645 0.0345725 0.01504094134
-0.263177 0.483862 0.01723028895
-0.0507708 0.569803 0.01589539111
0.846371 -0.274586 0.006804364817
-0.741486 0.524775 0.00666791515
0.220794 -0.262195 0.04082844489
-0.722951 0.636426 0.00641006447
0.112448 -0.925794 0.006516631594
-0.353985 0.837103 0.006670430051
0.530147 -0.764285 0.006510226729
-0.522552 0.778718 0.006493437444
-0.304538 0.871493 0.006570454889
-0.839074 -0.441192 0.006449538096
-0.589395 -0.277358 0.01204372044
-0.467355 0.814574 0.006485740426
-0.686444 0.607615 0.006616576892
0.284674 -0.796645 0.007277667599
0.393159 -0.8472 0.006512767537
0.175804 -0.941963 0.00642098746
0.271398 -0.736468 0.008242642421
-0.331406 -0.83308 0.006750010933
0.127693 0.753766 0.008649805878
-0.0375386 0.796978 0.007997601121
-0.179915 0.856116 0.006936876368
0.102862 -0.863899 0.006994546207
-0.0713883 0.95288 0.00642986464
-0.491662 -0.074934 0.02115885206
-0.620457 0.62983 0.006856881172
0.0268968 0.707515 0.01011687968
0.911272 -0.238553 0.006467783931
0.109454 0.938927 0.006454069137
-0.121611 -0.596277 0.01392769096
0.662858 -0.609897 0.006721863285
0.425007 0.279356 0.02025915781
0.487219 0.597532 0.008528365562
-0.707081 0.397083 0.007776448606
0.636769 -0.720652 0.006414252085
-0.276498 -0.348626 0.02624782338
-0.560063 -0.44251 0.009933286925
-0.456039 0.536671 0.01020065168
0.271593 0.859295 0.006719395119
0.380296 0.629869 0.009338269154
0.38666 0.758568 0.007202509797
-0.587488 0.570535 0.007650673788
0.868782 -0.375639 0.006450567019
-0.461432 -0.733823 0.007024035774
0.702859 0.490848 0.00712677104
0.802335 -0.234775 0.007414345583
0.599704 0.709986 0.006521020767
0.813805 0.49676 0.006428953524
-0.381229 -0.872685 0.006433502411
0.828734 -0.0837083 0.007446315072
0.93703 0.157105 0.006435975632
0.755014 0.531629 0.006558322361
0.846324 0.436287 0.006439345311
0.822075 -0.0330838 0.007590661408
-0.928637 0.193766 0.006449439569
0.792967 0.16733 0.00777532869
-0.790811 -0.406574 0.006815887687
0.900237 0.309947 0.006436327479
0.849116 0.312511 0.006695764467
0.0704919 -0.696379 0.01034605958
-0.934311 0.0547197 0.006490194628
-0.0035643 0.891454 0.006798662775
-0.313071 -0.701196 0.008591924579
-0.251444 -0.901894 0.006494293436
0.609474 0.636895 0.006879460497
0.875437 -0.187484 0.006765698885
0.42386 0.796542 0.006713880157
-0.347982 0.780636 0.007175125629
-0.170808 -0.797753 0.00768843261
-0.484264 -0.602396 0.008450248615
0.925895 -0.00762957 0.006546846382
0.542235 0.47558 0.009702837308
0.844944 0.117379 0.007181827367
-0.597827 0.272906 0.01184430173
0.919068 0.0962212 0.006540279736
-0.738295 -0.57948 0.006477435229
0.919227 0.203412 0.006473219022
-0.774974 -0.273807 0.007615744425
-0.74213 0.065826 0.009103379947
0.465595 -0.751123 0.006871866396
0.561639 -0.585933 0.007779011625
-0.741365 0.212294 0.008512509572
-0.798376 0.258593 0.007347610839
-0.913084 -0.0604886 0.006626068773
-0.62574 0.703149 0.006471129152
-0.920466 -0.112652 0.006538756961
-0.322035 0.633543 0.01002705929
0.753979 -0.592351 0.006422060185
-0.458815 -0.802308 0.006551410664
0.656508 -0.32198 0.009436134671
0.231381 -0.690216 0.009535698188
-0.0797509 -0.872071 0.006943719411
0.557997 -0.70401 0.006747215575
0.377395 -0.374538 0.01857281161
-0.525246 0.728858 0.006749228807
-0.631813 0.377941 0.009318338198
0.188016 0.846156 0.007013385414
0.153113 0.378 0.03064040632
-0.932123 0.137887 0.006472063183
0.655182 0.602597 0.006802897569
-0.828013 -0.180388 0.007262657422
-0.451192 0.601226 0.008950493971
-0.116765 0.32116 0.04105983184
0.293602 -0.424497 0.01971461103
0.0504706 -0.955696 0.006421222091
-0.432373 -0.241645 0.02135440955
0.47613 -0.810672 0.006478046833
0.171181 -0.843289 0.007100829239
-0.204145 -0.700984 0.009477386435
0.242131 0.84552 0.006905186331
-0.0952866 0.840632 0.007268438235
-0.0960626 0.779281 0.008240461061
0.122393 -0.800346 0.007794123928
-0.378572 -0.342327 0.0201099293
-0.496602 0.694627 0.007187244199
0.0370838 0.753446 0.00889873573
-0.404737 -0.584025 0.01001369939
0.622164 -0.6409 0.006790120201
0.290146 0.355687 0.02469314983
0.450929 0.42204 0.01349436846
-0.769333 0.417324 0.006944724024
-0.370078 -0.087845 0.03448115354
-0.459493 -0.410971 0.01359858489
-0.51691 0.570462 0.00854020567
0.287912 0.735777 0.008126315154
-0.504718 0.506459 0.009900001191
-0.395073 -0.817869 0.00667306886
0.538664 0.559158 0.008395815223
0.618494 -0.21658 0.0119183256
0.718545 -0.111654 0.009552431012
0.773576 -0.0664058 0.008399374757
0.640639 0.26388 0.01057161882
0.801339 0.285101 0.007213716199
0.0412678 -0.607053 0.01397751025
-0.406163 -0.695292 0.007866653396
0.44781 0.750136 0.00695428723
-0.391612 0.736 0.007438851318
-0.086995 -0.704134 0.01005271802
-0.427551 -0.639486 0.008564093661
0.540606 0.351125 0.01231406142
0.904217 0.0380116 0.006693457579
-0.682438 0.335056 0.008770523762
-0.77877 -0.177851 0.007992492794
-0.806505 0.144194 0.00765026005
0.71771 -0.492647 0.006997923153
-0.756568 0.156593 0.008489544592
-0.863333 0.270077 0.006690133866
-0.0653756 -0.819117 0.007605365798
0.333211 0.76617 0.007409271699
-0.838344 -0.316267 0.006768105948
-0.210437 0.777738 0.007859006647
-0.794638 0.0442977 0.008028335784
0.655704 -0.549506 0.007153950171
-0.889379 -0.0125448 0.006813326922
-0.845959 0.223402 0.006952828643
-0.50918 -0.711594 0.006951539699
-0.781713 -0.333546 0.007206256868
0.344246 -0.53406 0.01271900741
0.410515 -0.608942 0.00938586032
0.06221 -0.904867 0.006680714771
-0.561809 -0.605287 0.007534483351
-0.786825 -0.465604 0.006631109967
-0.655601 -0.490606 0.007647802744
0.371897 -0.726404 0.007700032275
0.561468 -0.478034 0.009287770928
0.727764 0.141917 0.009184340247
-0.0362887 0.85361 0.007181884001
-0.577749 -0.547428 0.008025351954
-0.408981 0.40315 0.01576041869
-0.560456 0.151246 0.01541100314
-0.275453 0.204168 0.04087444028
-0.892738 0.318149 0.006449730618
-0.754219 0.380849 0.007303775879
-0.832072 0.417895 0.006526484375
0.730463 -0.402247 0.007444082498
0.813483 -0.491496 0.006442051012
-0.0768782 -0.162237 0.08922620529
0.345432 -0.122161 0.03679802574
-0.496149 0.119291 0.02008607684
-0.706569 0.170104 0.009591895938
0.0446618 0.248583 0.06229091895
-0.24361 0.728016 0.0086030792
0.333066 0.594285 0.01097620265
-0.150443 0.674679 0.01062946681
0.8372 -0.329677 0.006732224228
0.4336 -0.230539 0.02173263683
-0.0621177 -0.0284874 0.1393267649
-0.700902 0.559191 0.006764082534
-0.309346 0.81728 0.006968914396
0.405494 -0.784374 0.006862659326
-0.284911 0.765998 0.007681261613
-0.697652 -0.016692 0.01042276425
-0.745651 -0.437135 0.007067279031
-0.6189 0.515239 0.00788695344
0.332903 -0.76081 0.007482840832
0.132577 -0.619688 0.01280869877
0.236144 -0.775579 0.007794342025
-0.362014 -0.78453 0.007070015733
0.0727708 0.895986 0.006741577393
0.0813115 0.628731 0.0127871069
-0.0659068 0.736551 0.00924237082
0.0732437 0.798926 0.007911493969
0.0347701 -0.863154 0.007071249533
0.157163 -0.893336 0.006681261809
-0.355383 0.121326 0.03526962774
-0.584145 -0.027215 0.01516169522
0.188349 0.484819 0.01930467571
0.925612 -0.162867 0.006480074547
0.00358193 -0.682642 0.01090673986
0.0821521 -0.277065 0.05254028049
0.304538 0.0577422 0.04748882293
0.610757 0.441545 0.008907857534
0.570176 0.61006 0.0074159527
-0.659242 0.28583 0.0098093802
-0.649005 0.452258 0.00812286661
0.606981 -0.687574 0.006611460753
-0.370563 -0.486464 0.01380759221
0.0270584 -0.444041 0.02618320414
-0.643914 -0.377167 0.009083788096
-0.547249 0.404105 0.01100309774
-0.344686 0.563287 0.01169223128
0.395223 0.570845 0.01050529425
0.463054 0.686062 0.007499651325
0.440271 0.623673 0.008659278852
-0.557118 0.617657 0.007465475492
-0.649013 0.566064 0.007101456879
0.81781 0.400443 0.006650269691
0.69671 0.559472 0.006775027734
0.782872 -0.299769 0.007372247586
0.528328 0.675459 0.007123797037
0.767403 0.402688 0.007029519665
0.824095 -0.181227 0.007302300402
0.760678 0.466139 0.00678906237
-0.865704 0.165837 0.006873985922
0.807575 0.0234353 0.007825726503
0.820741 0.222126 0.00722720245
0.0606465 -0.814664 0.007688738439
0.206856 -0.736273 0.008668208772
0.0160204 0.7861 0.008228453564
-0.266097 -0.841743 0.006875435861
-0.252147 -0.481867 0.01773027769
-0.205519 -0.850591 0.006941349508
0.864404 -0.130008 0.006943913552
0.85236 -0.222948 0.006892253838
-0.246809 -0.746626 0.008207919515
-0.115233 -0.902704 0.006662357018
-0.529149 -0.501394 0.009491887661
0.606986 0.516463 0.008007601836
0.440825 0.478537 0.01207293124
-0.591776 0.209885 0.01303700221
-0.548823 0.305128 0.01305786421
0.854207 0.0619394 0.007137290508
-0.853593 -0.269243 0.006767875034
-0.720277 -0.336647 0.008047179298
-0.77872 -0.00967164 0.00837003777
-0.628755 0.0937077 0.01266562531
0.432649 -0.658816 0.008182785127
0.461124 -0.560942 0.009589471456
-0.663633 0.218839 0.01035653303
-0.828982 -0.0125387 0.007506903598
-0.387602 0.619698 0.00945288562
0.727757 -0.34526 0.007855625838
0.276719 -0.686854 0.009230800985
0.199591 -0.342092 0.032251719
0.116064 0.864151 0.006959074863
0.209674 0.584106 0.01338641195
-0.868494 -0.149217 0.006885058349
-0.314865 0.361102 0.02279696234
0.248722 -0.526972 0.01529965549
-0.51959 -0.386731 0.01220416262
-0.889305 -0.315655 0.00647038506
0.231524 -0.824475 0.007149104058
-0.282417 -0.789105 0.007373904755
-0.131026 0.733076 0.009114846505
-0.531567 -0.290815 0.01409994714
-0.436768 0.67371 0.007904360082
-0.446375 -0.548769 0.01011517613
0.27525 0.412456 0.02131385091
0.337203 0.395807 0.01939352604
-0.326785 0.0219326 0.04393257569
-0.535243 0.454742 0.01026923397
0.59457 0.0420784 0.01455111842
0.555426 -0.145809 0.01580010836
0.708649 0.385955 0.007842949785
0.743415 0.284012 0.008039108032
0.0544882 -0.503997 0.02040003288
0.413032 0.664112 0.008292289196
0.0201695 -0.736672 0.009311387595
0.520668 0.290443 0.0145810098
-0.535479 -0.128256 0.01720967709
0.703954 -0.529351 0.006899552566
-0.29206 0.695839 0.008875081451
-0.772846 0.103686 0.008336631355
0.681043 -0.445268 0.007720643954
-0.859849 0.0459759 0.007085788139
0.372114 -0.492982 0.01349901879
0.512634 -0.607261 0.008051292644
-0.487472 -0.539308 0.009561066776
-0.725632 -0.497043 0.006886412927
0.529555 -0.376408 0.01214292461
0.766156 0.234036 0.007947020756
-0.594632 -0.491739 0.008506936433
-0.327934 0.487433 0.01503390359
-0.568458 0.239237 0.01358543305
-0.224363 0.382308 0.0264279224
0.760718 -0.456359 0.006825686456
0.0549434 -0.0811686 0.1270900849
0.707458 -0.0293165 0.01009298275
-0.549415 0.079015 0.0169110012
0.00446536 0.294275 0.05113220185
0.178036 0.718163 0.009203963404
-0.23868 0.687275 0.009568157451
0.375101 -0.246526 0.0258005367
-0.15345 -0.0504981 0.09726394473
-0.255875 0.831749 0.006993758064
-0.637555 -0.192423 0.01152624212
0.133675 -0.668589 0.0109503655
-0.299082 -0.88494 0.006513193176
0.0932137 0.478111 0.02206428484
-0.00954558 0.743669 0.009139943071
0.137253 0.809855 0.007610602349
-0.426879 0.0253645 0.02822708996
-0.695601 -0.129948 0.01011504825
0.242584 0.369761 0.02651378916
-0.0261108 -0.623115 0.01324122665
0.190278 -0.149157 0.06578961162
0.3203 0.241613 0.03152505512
0.660853 0.520896 0.007330995996
-0.322667 -0.373246 0.02149756419
0.0676891 -0.402609 0.03055957988
-0.584896 -0.385666 0.01033171456
-0.455526 0.458334 0.01224898478
0.645024 0.555572 0.00720370192
0.713887 -0.281518 0.008596221528
0.567907 0.650989 0.007062555898
0.794651 -0.125694 0.007873420765
0.783514 0.0905778 0.008159378512
0.0725861 -0.760548 0.00866837307
0.0157218 0.837716 0.007385408001
-0.198447 -0.756666 0.008289744798
-0.275284 -0.389988 0.02296167495
-0.228057 -0.797301 0.007497384975
-0.527205 -0.55887 0.008576203696
0.388067 0.503865 0.01267262108
-0.487914 0.304263 0.0157252446
-0.811181 -0.285075 0.00711918219
-0.664162 -0.309492 0.009391497835
-0.741495 0.0169461 0.009181388672
-0.665202 0.151889 0.01094371792
0.42366 -0.711263 0.007517976812
0.528998 -0.544195 0.008793049544
-0.158042 0.574883 0.01459323931
0.506216 -0.425907 0.01165753385
0.300404 -0.547641 0.01319638219
0.138436 -0.735128 0.009026132674
0.414027 -0.408961 0.01536782855
0.416324 -0.283295 0.02069786005
-0.533291 0.356675 0.01245220285
0.22552 0.808387 0.007363205028
-0.185108 0.424014 0.0243996172
0.190366 0.284592 0.04086450028
-0.692304 -0.250927 0.009329943274
-0.406555 0.566858 0.01043023698
-0.0484895 0.188532 0.08285186562
-0.0663553 0.447651 0.02541889868
0.354829 -0.430542 0.01677036839
0.268608 -0.323353 0.02906489205
-0.246379 -0.206994 0.04492553106
-0.473173 -0.136125 0.0215982185
-0.118584 -0.792812 0.007932392324
-0.194882 -0.589927 0.0133585756
0.181546 0.781998 0.007899682554
-0.146844 0.79017 0.007898321726
-0.388 -0.415605 0.01606188277
-0.31207 -0.301317 0.02737797285
-0.557808 0.680002 0.006898306157
-0.240145 -0.660789 0.01027192269
0.201881 0.1574 0.06160098455
0.40809 0.357357 0.01774444505
0.477204 0.372535 0.01410374835
0.480441 0.554957 0.009389036413
-0.795714 0.365928 0.006936486525
-0.435701 -0.0963976 0.02605272814
-0.377623 -0.278124 0.02377020398
-0.439027 -0.313762 0.01795391046
-0.503089 -0.444805 0.01131028584
-0.558858 0.514934 0.008761275053
0.0643318 0.682768 0.010819515
0.344313 0.711008 0.008130711432
-0.351035 -0.734437 0.007735626562
0.440199 0.532556 0.01063574224
0.537821 -0.277069 0.01410674368
0.659988 -0.253762 0.01013801844
0.662112 -0.207076 0.01056684085
0.590712 0.209347 0.0130842631
-0.0452441 -0.677025 0.01105128804
0.0849976 -0.635295 0.01247068137
-0.37021 -0.639957 0.009246593279
-0.137601 -0.672555 0.0107455105
0.688289 0.318962 0.008775831382
0.486204 0.460402 0.01136195822
-0.723465 0.281205 0.00840253716
-0.631876 0.321603 0.01008801764
-0.812815 -0.129227 0.007590253978
-0.807679 -0.232064 0.007337630182
0.678338 -0.502357 0.007308446276
-0.709625 0.112797 0.009772700194
-0.897928 0.229518 0.006545848926
-0.0784947 -0.758279 0.008703604902
0.374529 0.671831 0.008560294491
-0.830668 0.101003 0.007392452018
-0.785372 -0.0652481 0.008165841018
0.609797 -0.595381 0.007207351375
0.709399 -0.574154 0.006642074221
0.151987 -0.548164 0.01615169804
0.392716 -0.548192 0.01120284677
0.372453 -0.664214 0.008707511384
-0.625053 -0.533408 0.007615499153
-0.688215 -0.427408 0.007782602221
0.591466 -0.540982 0.00793569801
0.501838 0.101968 0.01997222322
-0.364584 0.28729 0.02424478794
-0.536295 0.0168318 0.01817070095
-0.454865 0.154115 0.02270888056
-0.190563 0.126372 0.07016971313
-0.739723 0.345749 0.007697920788
0.63003 -0.390824 0.009188644832
-0.222971 -0.035014 0.07093261195
-0.178262 -0.411631 0.0258281148
0.144344 -0.0711583 0.09751152094
0.306553 -0.267573 0.03082384509
-0.371339 -0.0109813 0.03596168919
-0.0918631 0.102618 0.1087191089
0.235731 0.193775 0.04862414863
-0.219522 0.5845 0.01319222635
0.336577 0.535737 0.0128254278
-0.0305176 0.684418 0.01082291069
-0.193328 0.715571 0.00919484804
0.505877 -0.332818 0.01408954775
0.650629 -0.0780331 0.01189123954
0.0270491 -0.186244 0.08549949073
0.0335005 0.14649 0.1024374711
0.43627 -0.844826 0.006440263884
-0.639248 0.00957925 0.01258048885
0.321548 -0.703568 0.008472449367
0.254354 -0.650813 0.01040293081
0.0944434 -0.5708 0.0155212712
-0.324803 -0.776327 0.007339129273
-0.405503 -0.761546 0.00706936958
0.236679 0.689625 0.009479021677
0.0223335 0.654882 0.01191788902
-0.117502 0.642615 0.01199438247
0.0362194 0.884042 0.006861573973
-0.292235 0.141548 0.04435385095
-0.391214 0.23449 0.02502150048
-0.484245 -0.0084831 0.02233189495
0.287855 0.515773 0.01488281696
0.0607468 0.563158 0.01622049284
-0.0344522 -0.722127 0.009679738049
-0.196572 -0.315919 0.03580971985
0.198832 -0.401039 0.02595354516
0.203715 0.0106614 0.07942664782
0.44977 -0.169541 0.0226809726
0.560206 0.414014 0.01045083376
0.614211 0.331167 0.01040648096
-0.280329 -0.585 0.01216719889
-0.0390198 -0.252244 0.06159969546
-0.052403 -0.558698 0.01656527827
-0.588592 0.423322 0.009631302055
-0.396217 0.510598 0.0122834143
-0.278371 0.539125 0.01407017622
0.39205 0.437313 0.01504997391
0.404706 0.706788 0.00772272517
0.530434 0.622021 0.00767243834
0.809245 0.351933 0.006872766484
0.489861 0.64049 0.007853804942
0.674218 0.436227 0.007909779733
0.801275 0.44029 0.006626741519
0.180974 -0.692333 0.00989767686
-0.356249 -0.541385 0.01217708582
-0.102305 -0.517253 0.01883925433
-0.133055 -0.850373 0.007088010247
0.651226 0.481127 0.007805066387
-0.542404 0.21327 0.01532890876
-0.866592 -0.211903 0.006789367688
0.462201 -0.624044 0.008405927405
0.153791 -0.300922 0.04187155455
0.253061 0.472622 0.01820302851
-0.291293 0.44326 0.01863904297
0.18692 -0.507304 0.01791446589
-0.607594 -0.336824 0.01053284308
-0.297494 -0.741271 0.007993356856
-0.482206 -0.22471 0.01852038401
-0.304353 0.0721959 0.04680168391
0.666914 0.0477765 0.01138832129
0.63577 -0.170527 0.01179997341
0.026658 -0.780493 0.008326994476
0.444442 0.211893 0.0216135992
-0.531077 -0.240252 0.01529692561
0.403716 -0.45568 0.01395135921
0.602247 -0.272826 0.01167179807
-0.620996 -0.43494 0.00879559162
-0.540365 0.261453 0.01437329995
-0.137492 0.476567 0.02125919313
0.148591 -0.24345 0.05340642424
0.588003 -0.0619005 0.01483929399
0.0956908 0.372363 0.03385347477
0.232405 0.757492 0.008082284644
0.270809 -0.213315 0.04062769253
-0.300673 -0.0342008 0.04883788041
-0.742725 -0.226591 0.008397214759
0.0413178 0.501307 0.0206790395
-0.744848 -0.0293063 0.009103156793
0.195768 0.34755 0.0317963166
0.0143583 -0.559283 0.01667305352
0.227811 -0.196425 0.04968012778
0.36258 0.292369 0.02398632074
0.113549 -0.410608 0.02843133112
-0.385883 0.455096 0.01456478661
0.755218 -0.185004 0.008384115356
0.0626104 0.856308 0.007131621064
-0.448669 0.204962 0.02153411843
-0.20324 0.654173 0.01082901315
0.48936 -0.49301 0.01052731387
0.200361 -0.566873 0.01431879477
-0.169822 0.371442 0.03062351502
0.140801 0.175072 0.07145023201
-0.00358494 0.249142 0.06347066431
-0.119538 0.542643 0.01692500101
-0.359177 -0.159391 0.03274248572
-0.584034 -0.190134 0.01366384142
-0.142269 -0.741135 0.008861020928
-0.336077 -0.591267 0.01100780592
-0.335047 -0.250711 0.02930146831
-0.500379 -0.326807 0.01448701695
0.115872 0.691535 0.01029608093
0.564342 -0.223005 0.01403801832
0.751366 -0.244753 0.00816004857
0.659213 -0.132225 0.01127420953
0.612396 0.0989318 0.01338672705
0.648722 0.382887 0.008919429863
-0.754414 -0.124584 0.008652850365
0.630352 -0.49321 0.007965577124
-0.690057 -0.366635 0.008312445203
0.372742 0.0233469 0.03550168951
-0.315718 0.309984 0.02644876659
-0.52998 -0.034147 0.01857259085
-0.340351 0.186424 0.03341529125
-0.0979936 0.209858 0.06916639327
0.569833 -0.408984 0.01032582026
-0.185054 -0.16005 0.06459180313
-0.188367 -0.52793 0.01661612119
0.228948 -0.0911869 0.06435939832
0.313687 -0.318254 0.02607742302
-0.499617 0.179523 0.01860154904
-0.0346968 0.0676903 0.1371370986
0.251534 0.152599 0.05114568734
-0.160069 0.621478 0.01246526201
0.291346 0.560489 0.01289939886
0.472608 -0.281763 0.01728779505
-0.00102073 -0.0841005 0.1338995951
-0.0226377 0.62897 0.0129819506
-0.447409 0.254648 0.01978045819
-0.0248368 0.505858 0.02043892342
-0.0450606 -0.372796 0.03528598626
0.252189 -0.385456 0.02456668037
0.229558 0.0879498 0.06412517468
0.500694 -0.216424 0.01756606892
-0.405262 -0.52888 0.0114904288
-0.299781 -0.646742 0.009959765254
-0.155301 -0.352847 0.03373475531
-0.284516 0.592423 0.01185238328
-0.30909 -0.55285 0.01282268042
-0.0252212 -0.496334 0.02119639867
0.101777 -0.375084 0.03334245649
0.317804 -0.366927 0.02222551401
0.292586 0.680125 0.009211601555
0.116678 0.580221 0.01481075193
-0.437316 0.351221 0.01660879344
-0.202205 0.326529 0.03405860466
0.193608 -0.633743 0.01163037354
-0.426697 -0.368472 0.01642238189
-0.468617 -0.360936 0.01483391436
0.205768 0.414901 0.02427546983
0.302269 0.299512 0.02839689928
-0.427458 0.0991338 0.0268728621
-0.261473 -0.0921881 0.05540435932
0.670249 0.18942 0.01045246741
0.460606 -0.0969845 0.02354754812
0.512511 -0.0122962 0.01993253094
0.723033 0.436521 0.007296384875
0.594763 0.38389 0.01010757834
0.707221 0.24778 0.008999567504
0.57293 0.28064 0.01262482969
-0.645121 -0.0716717 0.01214873076
0.684891 -0.380947 0.008272299011
0.30729 -0.487334 0.01568737641
0.45896 -0.401148 0.0139001238
0.614422 -0.443476 0.008823006008
-0.339307 0.412674 0.0183400452
-0.264744 0.341107 0.02770618738
0.0653637 -0.000562972 0.1406055689
-0.0162263 -0.145021 0.1045050216
0.742323 0.0340927 0.009136774166
-0.0883641 0.263227 0.05513397478
0.0719177 0.307349 0.04621139498
-0.0599139 -0.105235 0.1164251323
-0.106402 -0.00234585 0.1236512076
-0.593811 -0.0718101 0.01450606501
0.132352 0.435486 0.02511569358
0.16529 0.54916 0.01579742162
-0.430099 -0.0426618 0.02761156708
-0.368757 0.0545512 0.03576902608
-0.730798 -0.170257 0.00898970133
-0.592173 -0.114612 0.01422431745
-0.0843337 -0.654749 0.01169819194
0.305346 -0.00959352 0.04852312991
0.0893023 -0.171957 0.083167705
0.403882 0.120721 0.02891298337
-0.308521 -0.439775 0.01815002874
-0.00906866 -0.311875 0.04709809495
-0.555043 -0.333192 0.01224076411
-0.501941 0.405879 0.01232001836
0.717735 0.0870535 0.009676725509
-0.239038 -0.425518 0.02196702865
-0.641842 -0.235091 0.01086830422
-0.241327 0.434447 0.02123732898
-0.0718362 0.634501 0.01256489846
0.488178 -0.377007 0.01355268591
0.341151 -0.592141 0.0108804083
0.450338 -0.447765 0.0127344275
-0.483782 0.36262 0.01416618699
-0.0377997 0.341462 0.04088068198
-0.205138 0.478839 0.0193279345
0.252978 0.249293 0.03860753277
0.138923 0.323828 0.03905418932
-0.729492 -0.288407 0.008243105578
-0.187049 0.173731 0.06150210105
0.0256973 0.0894684 0.1299410933
-0.123925 0.404138 0.02870018387
-0.015556 0.402626 0.03138147499
-0.262179 -0.266833 0.03544479962
-0.197865 -0.0995902 0.07269779819
-0.41689 -0.1429 0.02663117444
-0.189227 -0.63969 0.01144882691
-0.246119 -0.311747 0.03210022279
-0.233385 -0.570524 0.01358406254
-0.26667 -0.700067 0.009017453659
0.284514 0.192363 0.04079226344
0.0732724 0.189294 0.0795487377
0.476123 0.318176 0.01585526226
0.509531 0.415144 0.01181898608
0.448429 0.575267 0.009508910643
0.488683 0.509614 0.01014942355
-0.406306 -0.190721 0.02579945872
-0.316406 -0.20447 0.03503320335
-0.48582 -0.272517 0.01682951783
0.0741211 0.731673 0.009344692529
-0.347134 -0.684129 0.008602747213
0.576328 -0.340237 0.01135001047
0.482574 0.257747 0.01746004665
0.0345202 -0.648831 0.01213510511
-0.720067 -0.0727123 0.009641994689
0.234685 -0.453703 0.02008718222
0.56054 0.0839911 0.01621448485
0.533128 0.240273 0.01518498465
-0.486914 0.0551095 0.02179235066
-0.171874 0.00796927 0.09261972745
-0.287576 0.022416 0.05270201897
0.106306 0.00835335 0.1229599859
0.102178 -0.109035 0.1031099458
0.333472 -0.192492 0.03384446559
-0.0813658 0.159104 0.08940261308
-0.193925 0.0652911 0.07883349436
0.190666 0.218597 0.05209437485
-0.25992 0.64121 0.01060162773
-0.229041 0.523624 0.01595524481
0.0165391 0.599344 0.01442603237
0.628958 -0.0139982 0.01297445634
0.585951 -0.17698 0.01380246584
-0.0936532 -0.226461 0.06457554142
0.105583 -0.220236 0.06485477066
0.162146 0.118123 0.0805812127
-0.693516 0.0469419 0.01050063604
0.122354 -0.504502 0.01949126798
0.262779 0.616822 0.01132345813
-0.0946214 0.684672 0.01063003762
-0.244736 0.102518 0.05852469471
-0.403228 0.16682 0.02722574745
-0.323339 0.249213 0.03066235256
0.136718 0.495513 0.01982491392
-0.021698 -0.772503 0.008482246762
-0.166751 -0.221003 0.05563382379
-0.223401 -0.365276 0.0281136037
0.15529 -0.339223 0.03577303405
0.181383 -0.0953252 0.07868563782
0.566531 -0.00972725 0.01621510366
0.368928 -0.160251 0.03146059172
-0.239512 -0.61583 0.0117061197
0.0161785 -0.241838 0.0652487306
-0.0823819 -0.461956 0.02371847157
-0.577794 0.379424 0.01063189494
-0.200578 -0.462474 0.0206362729
0.382269 0.23 0.02605520472
0.471019 -0.033695 0.02348870576
0.26933 -0.148429 0.04792322757
-0.256629 0.00365106 0.06132761294
0.00849747 0.547961 0.0174185698
0.121085 0.249197 0.05531315752
-0.294158 -0.245763 0.03405132717
0.246611 -0.0321864 0.0635913377
-0.215023 0.215113 0.04875466561
-0.0443999 0.237918 0.06570036451
-0.262013 -0.538302 0.014466552
-0.017529 -0.0288943 0.1505078458
0.0350324 -0.0366266 0.1462812242
-0.416822 0.295912 0.02005759857
-0.142574 -0.464115 0.02213105415
-0.587088 0.335449 0.01113915779
0.149116 -0.378787 0.0307817186
0.102326 0.527974 0.01810008252
-0.371053 0.346299 0.02032908845
-0.237264 -0.140523 0.05582779748
0.620331 0.151801 0.01258812092
0.397295 -0.0887557 0.03077981418
0.457587 0.0317008 0.02463656249
0.0933852 -0.0433527 0.1252933103
-0.0307577 -0.201991 0.079046321
-0.0232062 0.267123 0.05792290027
-0.149494 0.100469 0.08900183399
0.0635765 -0.219438 0.06993058764
0.452797 0.150065 0.02301235553
0.0105237 -0.384173 0.03383637007
-0.0720304 0.383321 0.0331838956
0.0751805 0.0486487 0.1310613202
0.0531035 0.429219 0.02759196356
-0.371171 -0.221009 0.02762435166
0.532167 0.0396285 0.01833203327
-0.234045 0.160528 0.05365304377
0.0618029 -0.347753 0.03888325707
0.147241 -0.0145982 0.1036736111
0.135038 -0.146727 0.08083884473
-0.210031 -0.267712 0.04136554641
0.117232 -0.336188 0.03848799165
-0.278865 0.396014 0.02231916944
0.156362 -0.443446 0.02363866432
0.689458 -0.171679 0.01003711988
0.34197 0.184392 0.03326568933
0.536461 0.193 0.01603784546
-0.509769 -0.184395 0.01777963932
-0.0797457 0.509003 0.01975868331
0.150101 -0.114019 0.08516565894
0.601729 -0.123124 0.01366654988
-0.333702 -0.121691 0.03871921688
-0.682773 -0.193419 0.01005749622
-0.00225782 0.457461 0.02494504142
0.18589 -0.208347 0.05490345244
0.340395 0.340023 0.02258853213
0.705132 -0.224001 0.009256723238
0.154083 -0.587862 0.01402501361
0.263324 -0.594908 0.0120904203
0.0933378 0.117684 0.1027833208
-0.050553 0.287282 0.05171129374
0.00351585 0.199788 0.08087416989
-0.295123 -0.146498 0.04340736221
0.560889 0.143356 0.01548179216
0.402559 -0.13822 0.02841349202
0.407619 0.0715479 0.02992538554
-0.178926 0.267174 0.04503589461
0.354929 -0.0516299 0.03813870653
0.191648 -0.0486206 0.08160704339
0.363434 -0.31507 0.0225739253
-0.0271754 0.135717 0.1084699236
-0.0826824 0.0474318 0.1283125767
0.362019 0.139742 0.03337858795
0.237253 0.540511 0.01483393316
-0.0927221 -0.0608801 0.121151684
0.0425211 -0.129477 0.1091396769
-0.0875983 -0.335202 0.04023740573
0.543451 -0.183531 0.01584179324
-0.07404 -0.281408 0.05203705238
-0.036738 -0.427433 0.02801642886
0.331234 0.650471 0.009480387096
0.170663 0.632529 0.01187787176
-0.45755 0.396419 0.01412469241
-0.253376 0.273595 0.03570345306
0.245561 0.317669 0.03147237924
0.732711 0.196905 0.008787940599
0.508164 -0.151615 0.01865275024
0.537047 -0.0983575 0.01748716143
0.541518 -0.0479936 0.01771329559
-0.639528 -0.148673 0.01185777916
-0.0478377 0.0126469 0.1465214548
-0.0472091 -0.0612042 0.135814053
-0.554762 -0.075148 0.01665474706
0.291746 -0.0758911 0.04950269322
0.142501 -0.189479 0.06729829884
-0.309032 -0.506635 0.01474612011
0.669235 0.11955 0.01101471079
-0.113012 0.597856 0.01396359851
0.0290713 0.358109 0.03790886556
-0.177948 0.530211 0.01666355092
-0.1271 0.25484 0.05328652816
-0.127959 -0.116216 0.09225017603
-0.453445 -0.186745 0.02179279693
0.304686 0.129087 0.04293891226
0.473887 0.184076 0.02031229404
-0.132667 0.0534015 0.1060541381
-0.219454 0.0180292 0.07324922374
0.393974 -0.189688 0.02710908116
-0.136278 0.154892 0.07816227278
-0.129927 -0.177411 0.07319707933
0.504774 -0.0582249 0.02034320434
-0.104117 -0.403816 0.02944804328
0.257702 0.0233434 0.06063164675
0.444691 0.0948559 0.02521344495
0.503772 0.163321 0.01868294459
0.398059 0.172271 0.02746755913
-0.156864 0.212538 0.0587685077
-0.14047 -0.285803 0.04557437044
0.419191 -0.0362825 0.02904285098
0.0140975 0.0217955 0.1530453256
0.495812 0.207921 0.01812548073
-0.312179 -0.0963285 0.04405548006
0.359086 0.0899899 0.03613079085
